13,54,1,34,95,4,1,76,39,12,
13,54,1,34,95,4,1,76,39,12,
13,54,1,34,95,4,1,76,39,12,
13,1,54,1,95,4,1,76,39,12,
13,1,1,54,1,4,1,76,39,12,
13,1,1,1,54,1,1,76,39,12,
13,1,1,1,1,54,1,76,39,12,
13,1,1,1,1,1,54,1,39,12,
13,1,1,1,1,1,1,54,1,12,
13,1,1,1,1,1,1,1,54,1,
13,1,1,1,1,1,1,1,1,54,
1,13,1,1,1,1,1,1,1,54,
1,1,13,1,1,1,1,1,1,54,
1,1,1,13,1,1,1,1,1,54,
1,1,1,1,13,1,1,1,1,54,
1,1,1,1,1,13,1,1,1,54,
1,1,1,1,1,1,13,1,1,54,
1,1,1,1,1,1,1,13,1,54,
1,1,1,1,1,1,1,1,13,1,
1,1,1,1,1,1,1,1,13,1,
1,1,1,1,1,1,1,1,13,1,
1,1,1,1,1,1,1,1,13,1,
1,1,1,1,1,1,1,1,13,1,
1,1,1,1,1,1,1,1,13,1,
1,1,1,1,1,1,1,1,13,1,
1,1,1,1,1,1,1,1,13,1,
1,1,1,1,1,1,1,1,13,1,
1,1,1,1,1,1,1,1,13,1,
1,1,1,1,1,1,1,1,13,1,
1,1,1,1,1,1,1,1,13,1,
1,1,1,1,1,1,1,1,13,1,
1,1,1,1,1,1,1,1,13,1,
1,1,1,1,1,1,1,1,13,1,
1,1,1,1,1,1,1,1,13,1,
1,1,1,1,1,1,1,1,13,1,
1,1,1,1,1,1,1,1,13,1,
1,1,1,1,1,1,1,1,13,1,
1,1,1,1,1,1,1,1,13,1,
1,1,1,1,1,1,1,1,13,1,
1,1,1,1,1,1,1,1,13,1,
1,1,1,1,1,1,1,1,13,1,
1,1,1,1,1,1,1,1,13,1,
1,1,1,1,1,1,1,1,13,1,
1,1,1,1,1,1,1,1,13,1,
1,1,1,1,1,1,1,1,13,1,
1,1,1,1,1,1,1,1,13,1,
1,1,1,1,1,1,1,1,13,1,
Press any key to continue . . .